24 [  4 @ 1 z  14
 24 [  2 @ 1 z  12
 24 [  1 @ 1 z  11
 35 )  1 @ 1
 36 )  2 @ 1
 38 )  4 @ 1
 39 [  9 @ 3 z   9
 39 [  5 @ 3 z  65
 39 [  3 @ 3 z  13
 48 )  9 @ 3
 52 )  3 @ 3
 86 [  6 @ 2 z   6
 86 [  1 @ 2 z  21
 86 [  2 @ 2 z  22
 92 )  6 @ 2
 98 [ 11 @ 5 z   5
 98 [ 10 @ 5 z   5
 98 [  4 @ 5 z  44
 98 [  7 @ 1 z  27
 98 [  8 @ 1 z  28
 98 [  3 @ 1 z  23
103 ) 10 @ 5
103 ) 11 @ 5
104 )  5 @ 3
107 )  1 @ 2
107 [  1 @ 4 z  21
107 [  6 @ 4 z  16
107 [  5 @ 4 z  15
108 )  2 @ 2
121 )  3 @ 1
122 )  5 @ 4
123 )  6 @ 4
125 )  7 @ 1
126 )  8 @ 1
128 )  1 @ 4
142 )  4 @ 5
142 [  3 @ 5 z  53
142 [  7 @ 5 z  17
142 [ 12 @ 5 z   5
147 ) 12 @ 5
159 )  7 @ 5
195 )  3 @ 5